# Time-averaged data for fix 3
# TimeStep v_strain v_stress
200 0.00025 0.00154816
400 0.00275 0.0908958
600 0.00525 0.131703
800 0.00775 0.233792
1000 0.01025 0.328317
1200 0.01275 0.40975
1400 0.01525 0.473114
1600 0.01775 0.558872
1800 0.02025 0.626398
2000 0.02275 0.703641
2200 0.02525 0.718056
2400 0.02775 0.782004
2600 0.03025 0.838384
2800 0.03275 0.889559
3000 0.03525 0.921202
3200 0.03775 0.966906
3400 0.04025 1.02361
3600 0.04275 1.05983
3800 0.04525 1.08307
4000 0.04775 1.06318
4200 0.05025 1.08757
4400 0.05275 1.14947
4600 0.05525 1.173
4800 0.05775 1.15872
5000 0.06025 1.14149
5200 0.06275 1.16541
5400 0.06525 1.19268
5600 0.06775 1.18015
5800 0.07025 1.15327
6000 0.07275 1.10982
6200 0.07525 1.06327
6400 0.07775 1.02335
6600 0.08025 1.03681
6800 0.08275 1.01152
7000 0.08525 0.943974
7200 0.08775 0.888577
7400 0.09025 0.877078
7600 0.09275 0.871509
7800 0.09525 0.853528
8000 0.09775 0.799426
8200 0.10025 0.795583
8400 0.10275 0.829833
8600 0.10525 0.813426
8800 0.10775 0.764406
9000 0.11025 0.789204
9200 0.11275 0.795085
9400 0.11525 0.740506
9600 0.11775 0.690882
9800 0.12025 0.703905
10000 0.12275 0.672399
10200 0.12525 0.660585
10400 0.12775 0.673676
10600 0.13025 0.681097
10800 0.13275 0.644715
11000 0.13525 0.618634
11200 0.13775 0.613913
11400 0.14025 0.60673
11600 0.14275 0.630104
11800 0.14525 0.633128
12000 0.14775 0.641774
12200 0.15025 0.634514
12400 0.15275 0.657636
12600 0.15525 0.694649
12800 0.15775 0.704343
13000 0.16025 0.734888
13200 0.16275 0.726041
13400 0.16525 0.729655
13600 0.16775 0.757042
13800 0.17025 0.777447
14000 0.17275 0.767543
14200 0.17525 0.780278
14400 0.17775 0.772434
14600 0.18025 0.7583
14800 0.18275 0.777767
15000 0.18525 0.759611
15200 0.18775 0.730261
15400 0.19025 0.700605
15600 0.19275 0.682289
15800 0.19525 0.690631
16000 0.19775 0.673005
16200 0.20025 0.637028
16400 0.20275 0.652436
16600 0.20525 0.652129
16800 0.20775 0.655221
17000 0.21025 0.656151
17200 0.21275 0.650021
17400 0.21525 0.654154
17600 0.21775 0.674629
17800 0.22025 0.695505
18000 0.22275 0.696326
18200 0.22525 0.696995
18400 0.22775 0.714478
18600 0.23025 0.693805
18800 0.23275 0.728184
19000 0.23525 0.748297
19200 0.23775 0.742305
19400 0.24025 0.727102
19600 0.24275 0.742604
19800 0.24525 0.731812
20000 0.24775 0.731801
20200 0.25025 0.734269
20400 0.25275 0.666967
20600 0.25525 0.670603
20800 0.25775 0.662818
21000 0.26025 0.661289
21200 0.26275 0.641888
21400 0.26525 0.654777
21600 0.26775 0.63031
21800 0.27025 0.658379
22000 0.27275 0.664022
22200 0.27525 0.64006
22400 0.27775 0.646644
22600 0.28025 0.668118
22800 0.28275 0.668995
23000 0.28525 0.685252
23200 0.28775 0.650935
23400 0.29025 0.606313
23600 0.29275 0.600212
23800 0.29525 0.586945
24000 0.29775 0.591032
24200 0.30025 0.598046
24400 0.30275 0.609719
24600 0.30525 0.592827
24800 0.30775 0.547175
25000 0.31025 0.488842
25200 0.31275 0.492766
25400 0.31525 0.493157
25600 0.31775 0.469991
25800 0.32025 0.468407
26000 0.32275 0.4457
26200 0.32525 0.463891
26400 0.32775 0.481537
26600 0.33025 0.454797
26800 0.33275 0.488
27000 0.33525 0.486235
27200 0.33775 0.507713
27400 0.34025 0.531531
27600 0.34275 0.549706
27800 0.34525 0.543389
28000 0.34775 0.545367
28200 0.35025 0.547705
28400 0.35275 0.539044
28600 0.35525 0.536146
28800 0.35775 0.520446
29000 0.36025 0.531691
29200 0.36275 0.497339
29400 0.36525 0.453445
29600 0.36775 0.447611
29800 0.37025 0.439989
30000 0.37275 0.418687
30200 0.37525 0.381935
30400 0.37775 0.379994
30600 0.38025 0.392373
30800 0.38275 0.371961
31000 0.38525 0.359502
31200 0.38775 0.353959
31400 0.39025 0.343518
31600 0.39275 0.32596
31800 0.39525 0.319472
32000 0.39775 0.317563
32200 0.40025 0.288807
32400 0.40275 0.297264
32600 0.40525 0.305385
32800 0.40775 0.268714
33000 0.41025 0.253755
33200 0.41275 0.257438
33400 0.41525 0.234685
33600 0.41775 0.207371
33800 0.42025 0.205938
34000 0.42275 0.202144
34200 0.42525 0.190083
34400 0.42775 0.171369
34600 0.43025 0.139609
34800 0.43275 0.149139
35000 0.43525 0.121164
35200 0.43775 0.0869858
35400 0.44025 0.0939152
35600 0.44275 0.0741835
35800 0.44525 0.0449663
36000 0.44775 0.0194317
36200 0.45025 0.0142046
36400 0.45275 0.0222646
36600 0.45525 0.0810299
36800 0.45775 0.0903916
37000 0.46025 0.059828
37200 0.46275 0.0322975
37400 0.46525 0.0286093
37600 0.46775 0.000299628
37800 0.47025 -0.00973163
38000 0.47275 -0.00134458
38200 0.47525 -0.0439192
38400 0.47775 -0.072364
38600 0.48025 -0.0358412
38800 0.48275 -0.0205809
39000 0.48525 -0.0234979
39200 0.48775 -0.00500758
39400 0.49025 -0.0295206
39600 0.49275 -0.0788988
39800 0.49525 -0.106602
40000 0.49775 -0.110895
40200 0.50025 -0.124452
40400 0.50275 -0.0987061
40600 0.50525 -0.100066
40800 0.50775 -0.107545
41000 0.51025 -0.135295
41200 0.51275 -0.140307
41400 0.51525 -0.128509
41600 0.51775 -0.107135
41800 0.52025 -0.111384
42000 0.52275 -0.0943344
42200 0.52525 -0.102347
42400 0.52775 -0.0914558
42600 0.53025 -0.0836893
42800 0.53275 -0.0581036
43000 0.53525 -0.0616634
43200 0.53775 -0.0161592
43400 0.54025 0.0267001
43600 0.54275 0.0376376
43800 0.54525 0.051113
44000 0.54775 0.0622298
44200 0.55025 0.0714465
44400 0.55275 0.0820248
44600 0.55525 0.0709406
44800 0.55775 0.0720161
45000 0.56025 0.0717888
45200 0.56275 0.0638364
45400 0.56525 0.0287147
45600 0.56775 0.022044
45800 0.57025 0.0368094
46000 0.57275 0.00322804
46200 0.57525 -0.0190701
46400 0.57775 -0.0118857
46600 0.58025 -0.0324191
46800 0.58275 -0.0261128
47000 0.58525 -0.0136081
47200 0.58775 -0.00319105
47400 0.59025 -0.000491687
47600 0.59275 -0.00095152
47800 0.59525 0.0028863
48000 0.59775 0.00652735
48200 0.60025 0.00451773
48400 0.60275 -0.00808119
48600 0.60525 -0.0255558
48800 0.60775 -0.0201149
49000 0.61025 -0.0164506
49200 0.61275 -0.0396377
49400 0.61525 -0.0408908
49600 0.61775 -0.0438742
49800 0.62025 -0.0492986
50000 0.62275 -0.0506038
